1 985 4.64
985 1 4.64
1 836 1.5
836 1 1.5
2 999 1.98
999 2 1.98
2 920 3.29
920 2 3.29
2 649 6.06
649 2 6.06
2 746 5.27
746 2 5.27
2 973 6.63
973 2 6.63
3 629 1.14
629 3 1.14
3 339 5.2
339 3 5.2
3 735 3.21
735 3 3.21
3 329 3.07
329 3 3.07
3 965 2.95
965 3 2.95
3 964 3.93
964 3 3.93
3 884 7.74
884 3 7.74
3 533 5.32
533 3 5.32
3 632 2.59
632 3 2.59
3 957 0.22
957 3 0.22
4 235 7.71
235 4 7.71
4 574 4.92
574 4 4.92
4 662 7.65
662 4 7.65
4 343 3.24
343 4 3.24
4 308 5.19
308 4 5.19
4 273 0.65
273 4 0.65
5 452 3.09
452 5 3.09
5 39 0.43
39 5 0.43
5 263 7.27
263 5 7.27
5 869 6.36
869 5 6.36
5 104 5.07
104 5 5.07
5 30 2.51
30 5 2.51
6 532 1.92
532 6 1.92
6 977 1.87
977 6 1.87
6 690 5.96
690 6 5.96
6 817 2.69
817 6 2.69
6 622 5.3
622 6 5.3
6 661 5.25
661 6 5.25
6 276 5.52
276 6 5.52
6 145 3.88
145 6 3.88
6 601 0.48
601 6 0.48
6 632 2.99
632 6 2.99
7 592 0.76
592 7 0.76
7 922 2.16
922 7 2.16
7 612 7.12
612 7 7.12
7 781 1.33
781 7 1.33
7 755 6.63
755 7 6.63
7 768 4.89
768 7 4.89
7 45 1.41
45 7 1.41
7 542 4.82
542 7 4.82
7 496 4.3
496 7 4.3
8 667 1.8
667 8 1.8
8 259 2.08
259 8 2.08
8 181 4.24
181 8 4.24
8 145 3.36
145 8 3.36
8 279 4.69
279 8 4.69
8 386 2.33
386 8 2.33
8 155 6.22
155 8 6.22
8 552 7.15
552 8 7.15
9 968 5.94
968 9 5.94
9 927 7.42
927 9 7.42
9 594 1.22
594 9 1.22
9 205 3.31
205 9 3.31
9 739 7.55
739 9 7.55
9 884 2.92
884 9 2.92
9 515 6.13
515 9 6.13
9 902 0.46
902 9 0.46
9 57 7.2
57 9 7.2
9 961 6.88
961 9 6.88
10 530 5.07
530 10 5.07
11 734 6.57
734 11 6.57
11 201 4.03
201 11 4.03
11 536 7.08
536 11 7.08
11 522 7.47
522 11 7.47
11 120 3.84
120 11 3.84
11 816 4.99
816 11 4.99
11 399 3.01
399 11 3.01
11 190 7.1
190 11 7.1
11 752 7.23
752 11 7.23
11 282 5.31
282 11 5.31
12 920 1.91
920 12 1.91
12 121 5.94
121 12 5.94
12 9 5.02
9 12 5.02
12 531 4.02
531 12 4.02
12 3 7.86
3 12 7.86
12 819 3.85
819 12 3.85
12 571 6.39
571 12 6.39
13 85 1.13
85 13 1.13
13 202 5.17
202 13 5.17
13 388 0.99
388 13 0.99
13 308 1.42
308 13 1.42
13 781 6.36
781 13 6.36
13 142 3.9
142 13 3.9
13 25 7.92
25 13 7.92
13 28 6.3
28 13 6.3
13 848 2.16
848 13 2.16
14 942 3.71
942 14 3.71
14 380 4.84
380 14 4.84
14 934 1.01
934 14 1.01
14 323 1.52
323 14 1.52
14 983 2.46
983 14 2.46
15 692 2.17
692 15 2.17
15 876 4.59
876 15 4.59
15 842 1.85
842 15 1.85
15 108 7.13
108 15 7.13
16 774 1.93
774 16 1.93
16 835 4.87
835 16 4.87
16 572 0.67
572 16 0.67
16 766 5.02
766 16 5.02
16 952 5.77
952 16 5.77
16 737 3.6
737 16 3.6
16 430 5.77
430 16 5.77
16 658 2.37
658 16 2.37
17 850 6
850 17 6
17 518 7.09
518 17 7.09
17 644 1.54
644 17 1.54
17 479 5.41
479 17 5.41
17 52 6.09
52 17 6.09
17 170 3.63
170 17 3.63
17 474 1.92
474 17 1.92
17 212 4.52
212 17 4.52
17 994 2.82
994 17 2.82
17 652 4.71
652 17 4.71
18 665 5.04
665 18 5.04
18 183 4.65
183 18 4.65
18 828 5.19
828 18 5.19
18 659 3.13
659 18 3.13
19 404 2.63
404 19 2.63
19 909 1.85
909 19 1.85
19 586 1.12
586 19 1.12
19 468 1.24
468 19 1.24
19 832 7.7
832 19 7.7
19 647 6.22
647 19 6.22
19 312 3.78
312 19 3.78
19 848 0.44
848 19 0.44
20 728 7.28
728 20 7.28
20 257 0.87
257 20 0.87
20 662 2.03
662 20 2.03
20 923 3.88
923 20 3.88
20 509 4.52
509 20 4.52
20 329 6.76
329 20 6.76
20 161 5.46
161 20 5.46
20 160 4.2
160 20 4.2
21 527 3.73
527 21 3.73
21 37 3.73
37 21 3.73
21 765 2.01
765 21 2.01
21 375 3.4
375 21 3.4
21 37 5.43
37 21 5.43
21 312 1.84
312 21 1.84
22 667 0.22
667 22 0.22
22 593 5.03
593 22 5.03
22 461 3.17
461 22 3.17
22 316 0.77
316 22 0.77
22 196 3.02
196 22 3.02
22 233 6.75
233 22 6.75
22 350 0.76
350 22 0.76
22 725 3.17
725 22 3.17
22 114 1.12
114 22 1.12
22 427 2.96
427 22 2.96
23 147 5.01
147 23 5.01
23 740 2.04
740 23 2.04
23 553 5.21
553 23 5.21
23 221 5.51
221 23 5.51
23 417 0.53
417 23 0.53
23 2 6.29
2 23 6.29
23 353 7.57
353 23 7.57
23 430 2.74
430 23 2.74
23 545 3.87
545 23 3.87
23 324 5.35
324 23 5.35
24 680 0.25
680 24 0.25
24 420 2.29
420 24 2.29
25 437 7.25
437 25 7.25
25 174 2.46
174 25 2.46
25 444 7.64
444 25 7.64
25 459 0.66
459 25 0.66
25 310 2.71
310 25 2.71
25 793 0.02
793 25 0.02
25 847 7.99
847 25 7.99
26 867 3.8
867 26 3.8
26 790 0.6
790 26 0.6
26 878 5.32
878 26 5.32
26 315 4.57
315 26 4.57
26 841 6.03
841 26 6.03
26 286 6.19
286 26 6.19
26 745 6.38
745 26 6.38
26 407 0.09
407 26 0.09
27 168 7.53
168 27 7.53
27 467 6.52
467 27 6.52
27 335 1.84
335 27 1.84
27 477 1.44
477 27 1.44
27 355 7.28
355 27 7.28
27 22 3.37
22 27 3.37
27 864 2.92
864 27 2.92
27 150 0.12
150 27 0.12
28 111 2.47
111 28 2.47
28 720 3.55
720 28 3.55
28 240 3.6
240 28 3.6
28 708 1.12
708 28 1.12
28 395 3.96
395 28 3.96
28 872 4.92
872 28 4.92
28 579 3.72
579 28 3.72
29 761 1.53
761 29 1.53
29 401 5.17
401 29 5.17
29 327 5.19
327 29 5.19
29 438 7.19
438 29 7.19
30 102 6.1
102 30 6.1
30 39 6.51
39 30 6.51
30 762 6.59
762 30 6.59
30 871 2.54
871 30 2.54
30 994 6.78
994 30 6.78
30 969 2.57
969 30 2.57
30 82 3.62
82 30 3.62
30 483 0.32
483 30 0.32
31 653 3.11
653 31 3.11
31 280 2.01
280 31 2.01
31 734 0.12
734 31 0.12
31 774 6.63
774 31 6.63
31 888 4.74
888 31 4.74
31 111 6.28
111 31 6.28
31 106 4.58
106 31 4.58
32 49 7.27
49 32 7.27
32 122 1.1
122 32 1.1
32 160 5.93
160 32 5.93
32 813 1.04
813 32 1.04
32 446 3.58
446 32 3.58
32 180 4.7
180 32 4.7
32 954 2.85
954 32 2.85
32 195 7.59
195 32 7.59
32 306 5.39
306 32 5.39
33 440 5.64
440 33 5.64
34 845 0.9
845 34 0.9
34 907 6.12
907 34 6.12
34 124 7.72
124 34 7.72
34 63 4.37
63 34 4.37
34 651 2.83
651 34 2.83
34 726 0.64
726 34 0.64
34 437 5.7
437 34 5.7
35 19 1.78
19 35 1.78
35 968 4.88
968 35 4.88
35 884 0.29
884 35 0.29
35 729 0.71
729 35 0.71
35 988 6.35
988 35 6.35
35 112 6.07
112 35 6.07
35 176 2.96
176 35 2.96
35 179 4.8
179 35 4.8
35 257 4.96
257 35 4.96
36 725 2.94
725 36 2.94
36 744 4.73
744 36 4.73
36 712 0.13
712 36 0.13
36 948 0.94
948 36 0.94
36 677 1.65
677 36 1.65
36 18 7
18 36 7
36 482 5.59
482 36 5.59
36 658 7.08
658 36 7.08
37 559 4.9
559 37 4.9
37 256 0.47
256 37 0.47
38 94 6.33
94 38 6.33
38 254 7.29
254 38 7.29
38 255 4.93
255 38 4.93
38 288 7.41
288 38 7.41
38 55 0.71
55 38 0.71
38 605 5.89
605 38 5.89
38 140 0.71
140 38 0.71
39 856 6.24
856 39 6.24
39 144 4.83
144 39 4.83
39 451 3.92
451 39 3.92
39 545 1.77
545 39 1.77
39 152 0.07
152 39 0.07
39 759 5
759 39 5
39 47 4.94
47 39 4.94
40 337 1.54
337 40 1.54
41 477 3.46
477 41 3.46
41 811 0.62
811 41 0.62
41 335 0.19
335 41 0.19
41 659 7.63
659 41 7.63
41 124 7.66
124 41 7.66
41 509 5.12
509 41 5.12
41 426 0.16
426 41 0.16
42 538 3.22
538 42 3.22
42 555 2.14
555 42 2.14
42 61 0.52
61 42 0.52
42 891 4.5
891 42 4.5
42 702 4.12
702 42 4.12
43 587 3.9
587 43 3.9
43 795 3.49
795 43 3.49
43 480 5.25
480 43 5.25
44 45 2.24
45 44 2.24
44 520 4.2
520 44 4.2
44 394 2.59
394 44 2.59
44 723 5.14
723 44 5.14
44 463 1.76
463 44 1.76
44 107 7.67
107 44 7.67
44 631 3.21
631 44 3.21
44 218 7.63
218 44 7.63
44 13 2.64
13 44 2.64
44 845 7.9
845 44 7.9
45 494 4.69
494 45 4.69
45 15 1.42
15 45 1.42
45 409 3.01
409 45 3.01
45 484 0.67
484 45 0.67
45 947 1.95
947 45 1.95
45 406 0.14
406 45 0.14
45 37 4.88
37 45 4.88
45 608 3.51
608 45 3.51
46 276 0.21
276 46 0.21
46 725 2.19
725 46 2.19
46 220 6.4
220 46 6.4
46 235 7.82
235 46 7.82
46 996 3.35
996 46 3.35
46 481 3.03
481 46 3.03
46 780 5.5
780 46 5.5
46 187 5.65
187 46 5.65
46 576 1.53
576 46 1.53
46 184 4.56
184 46 4.56
47 142 0.58
142 47 0.58
47 867 2.77
867 47 2.77
47 87 1.69
87 47 1.69
47 674 0.52
674 47 0.52
48 719 7.23
719 48 7.23
48 676 6.56
676 48 6.56
49 310 4.69
310 49 4.69
49 315 7.19
315 49 7.19
49 323 0.23
323 49 0.23
49 348 0.89
348 49 0.89
50 775 7.3
775 50 7.3
50 545 2.99
545 50 2.99
50 849 2.4
849 50 2.4
50 736 4.83
736 50 4.83
50 231 3.02
231 50 3.02
50 224 3.3
224 50 3.3
50 886 0.52
886 50 0.52
50 201 7.71
201 50 7.71
50 876 7.46
876 50 7.46
51 350 3.24
350 51 3.24
51 478 2.07
478 51 2.07
51 375 5.06
375 51 5.06
52 819 6.24
819 52 6.24
52 607 2.12
607 52 2.12
52 602 4.95
602 52 4.95
52 586 3.71
586 52 3.71
52 746 3.57
746 52 3.57
52 9 6.1
9 52 6.1
53 772 3.13
772 53 3.13
53 438 3.16
438 53 3.16
53 755 2.94
755 53 2.94
53 162 1.21
162 53 1.21
53 982 7.97
982 53 7.97
53 589 1.61
589 53 1.61
53 543 6.57
543 53 6.57
54 780 4.3
780 54 4.3
54 370 2.76
370 54 2.76
55 187 5.58
187 55 5.58
55 551 7.3
551 55 7.3
55 121 7.21
121 55 7.21
55 698 5.28
698 55 5.28
55 226 2.91
226 55 2.91
55 435 7.25
435 55 7.25
55 481 4.66
481 55 4.66
55 194 1.09
194 55 1.09
55 326 6.91
326 55 6.91
56 120 3.96
120 56 3.96
56 660 1.07
660 56 1.07
56 211 0.89
211 56 0.89
57 692 6.84
692 57 6.84
57 78 7.35
78 57 7.35
57 213 2.61
213 57 2.61
57 409 3.48
409 57 3.48
57 915 1.82
915 57 1.82
57 849 6.76
849 57 6.76
57 921 6.03
921 57 6.03
57 393 1.51
393 57 1.51
57 53 2.58
53 57 2.58
57 616 2.48
616 57 2.48
58 741 2.01
741 58 2.01
58 819 1.36
819 58 1.36
58 384 3.49
384 58 3.49
58 146 6.97
146 58 6.97
58 61 7.79
61 58 7.79
58 910 6.08
910 58 6.08
58 183 4.11
183 58 4.11
58 576 5.14
576 58 5.14
59 170 1.82
170 59 1.82
59 868 5.5
868 59 5.5
59 609 7.51
609 59 7.51
60 628 7.81
628 60 7.81
60 379 4.17
379 60 4.17
60 506 6.63
506 60 6.63
60 920 5.76
920 60 5.76
60 716 5.86
716 60 5.86
60 162 4.21
162 60 4.21
60 114 3.5
114 60 3.5
60 636 4.84
636 60 4.84
60 504 1.34
504 60 1.34
60 466 0.38
466 60 0.38
61 862 1.99
862 61 1.99
61 241 6.16
241 61 6.16
62 577 4.99
577 62 4.99
62 207 0.72
207 62 0.72
62 99 3.88
99 62 3.88
62 54 4.5
54 62 4.5
62 586 6.16
586 62 6.16
62 491 6.53
491 62 6.53
62 484 5.09
484 62 5.09
62 365 7.27
365 62 7.27
62 579 0.26
579 62 0.26
63 834 7.72
834 63 7.72
63 764 3.72
764 63 3.72
63 323 3.44
323 63 3.44
63 422 6.84
422 63 6.84
63 829 3.87
829 63 3.87
63 415 1.03
415 63 1.03
63 259 0.08
259 63 0.08
64 748 6.43
748 64 6.43
64 804 1.6
804 64 1.6
64 883 4.4
883 64 4.4
64 69 3.64
69 64 3.64
64 833 6.36
833 64 6.36
64 508 1.8
508 64 1.8
64 931 0.65
931 64 0.65
64 112 3.04
112 64 3.04
64 879 4.07
879 64 4.07
64 138 4.16
138 64 4.16
65 309 2.33
309 65 2.33
65 466 3.94
466 65 3.94
66 930 6.49
930 66 6.49
66 632 2.18
632 66 2.18
66 474 7.04
474 66 7.04
66 2 7.12
2 66 7.12
66 637 4.95
637 66 4.95
66 897 0.59
897 66 0.59
66 790 0.39
790 66 0.39
66 703 4.77
703 66 4.77
67 937 7.13
937 67 7.13
67 745 5.31
745 67 5.31
67 27 3.8
27 67 3.8
67 660 5.5
660 67 5.5
67 134 4.06
134 67 4.06
68 696 3.36
696 68 3.36
68 889 6.25
889 68 6.25
68 89 2.22
89 68 2.22
68 757 5.64
757 68 5.64
68 211 2.68
211 68 2.68
68 148 1.33
148 68 1.33
68 245 6.64
245 68 6.64
68 273 1.96
273 68 1.96
68 285 7.46
285 68 7.46
69 655 5.71
655 69 5.71
69 352 0.59
352 69 0.59
69 241 6.84
241 69 6.84
69 682 0.58
682 69 0.58
69 439 5.23
439 69 5.23
69 2 0.43
2 69 0.43
69 502 1.76
502 69 1.76
69 748 0.4
748 69 0.4
70 888 4.73
888 70 4.73
70 436 6.1
436 70 6.1
70 443 3.81
443 70 3.81
70 147 3.4
147 70 3.4
70 740 2.76
740 70 2.76
70 422 2.34
422 70 2.34
70 213 0.09
213 70 0.09
70 215 0.52
215 70 0.52
71 73 0.18
73 71 0.18
71 851 0.18
851 71 0.18
71 91 4.91
91 71 4.91
71 527 3.53
527 71 3.53
71 323 6.34
323 71 6.34
71 470 2.26
470 71 2.26
71 563 4.54
563 71 4.54
71 985 6.88
985 71 6.88
71 199 6.98
199 71 6.98
71 766 6.02
766 71 6.02
72 833 7.84
833 72 7.84
72 36 7.54
36 72 7.54
72 128 4.97
128 72 4.97
72 7 7.5
7 72 7.5
72 682 5.36
682 72 5.36
72 505 7.62
505 72 7.62
72 68 3.16
68 72 3.16
72 53 2.57
53 72 2.57
72 604 0.07
604 72 0.07
73 279 1.71
279 73 1.71
73 464 0.07
464 73 0.07
73 853 0.14
853 73 0.14
73 981 4.11
981 73 4.11
73 340 3.62
340 73 3.62
73 23 0.98
23 73 0.98
73 528 0.13
528 73 0.13
73 596 3.81
596 73 3.81
73 1 5.38
1 73 5.38
73 958 6.97
958 73 6.97
74 524 3.81
524 74 3.81
74 340 3.4
340 74 3.4
74 193 3.54
193 74 3.54
74 526 7.66
526 74 7.66
74 867 2.28
867 74 2.28
74 242 3.78
242 74 3.78
75 630 3.22
630 75 3.22
75 84 5.7
84 75 5.7
75 810 3.23
810 75 3.23
75 55 5.81
55 75 5.81
76 227 6.31
227 76 6.31
76 631 7.23
631 76 7.23
76 550 5.17
550 76 5.17
77 355 7.97
355 77 7.97
77 334 2.24
334 77 2.24
77 129 4.87
129 77 4.87
77 54 6.17
54 77 6.17
77 570 4.53
570 77 4.53
77 335 4.63
335 77 4.63
78 920 2.59
920 78 2.59
78 575 5.86
575 78 5.86
78 684 5.17
684 78 5.17
78 12 6.2
12 78 6.2
78 367 5.17
367 78 5.17
78 53 0.41
53 78 0.41
78 183 4.8
183 78 4.8
78 589 3.97
589 78 3.97
79 723 3.59
723 79 3.59
79 933 6.46
933 79 6.46
79 205 1.05
205 79 1.05
79 780 6.44
780 79 6.44
79 816 3.13
816 79 3.13
79 828 1.33
828 79 1.33
79 196 7.02
196 79 7.02
79 601 7.43
601 79 7.43
80 134 3.84
134 80 3.84
80 734 5.74
734 80 5.74
80 809 0.85
809 80 0.85
80 742 6.84
742 80 6.84
80 947 7.41
947 80 7.41
80 79 6.85
79 80 6.85
80 896 1.99
896 80 1.99
80 76 3.32
76 80 3.32
81 769 7.24
769 81 7.24
81 708 6.26
708 81 6.26
81 195 2.1
195 81 2.1
81 929 7.36
929 81 7.36
81 738 7.74
738 81 7.74
81 481 5.58
481 81 5.58
81 428 5.99
428 81 5.99
82 444 5.08
444 82 5.08
82 927 0.56
927 82 0.56
82 25 4.32
25 82 4.32
82 146 3.57
146 82 3.57
82 855 2.83
855 82 2.83
82 50 4.45
50 82 4.45
83 346 6.31
346 83 6.31
83 807 4.69
807 83 4.69
83 556 6.02
556 83 6.02
83 343 1.83
343 83 1.83
84 94 7.4
94 84 7.4
84 467 3.67
467 84 3.67
84 126 3.45
126 84 3.45
84 16 4.91
16 84 4.91
84 916 7.98
916 84 7.98
84 399 5
399 84 5
84 97 3.83
97 84 3.83
84 905 7.53
905 84 7.53
84 813 5.07
813 84 5.07
85 669 2.57
669 85 2.57
86 732 1.15
732 86 1.15
86 568 4.34
568 86 4.34
86 860 1.61
860 86 1.61
86 188 1.29
188 86 1.29
87 160 2.13
160 87 2.13
87 43 1.24
43 87 1.24
87 348 3.43
348 87 3.43
87 556 4.84
556 87 4.84
87 446 1.46
446 87 1.46
87 880 6.67
880 87 6.67
87 964 7.83
964 87 7.83
87 532 4.69
532 87 4.69
88 814 2.93
814 88 2.93
88 422 0.33
422 88 0.33
88 582 2.46
582 88 2.46
88 625 3.7
625 88 3.7
88 974 6.65
974 88 6.65
88 882 2.01
882 88 2.01
89 698 3.28
698 89 3.28
89 122 7.6
122 89 7.6
89 614 6.25
614 89 6.25
89 619 3.09
619 89 3.09
89 434 6.02
434 89 6.02
90 824 7.08
824 90 7.08
90 483 5.9
483 90 5.9
90 690 7.67
690 90 7.67
90 348 4.93
348 90 4.93
90 272 1.75
272 90 1.75
91 140 0.71
140 91 0.71
91 842 0.93
842 91 0.93
91 213 5.07
213 91 5.07
91 667 7.78
667 91 7.78
92 393 0.33
393 92 0.33
92 326 0.09
326 92 0.09
92 934 6.93
934 92 6.93
92 954 6.35
954 92 6.35
92 780 3.83
780 92 3.83
92 953 3.56
953 92 3.56
93 171 7.93
171 93 7.93
93 265 4.35
265 93 4.35
93 416 7
416 93 7
93 721 5.68
721 93 5.68
93 466 6.01
466 93 6.01
93 793 6.11
793 93 6.11
94 643 0.79
643 94 0.79
94 318 7.33
318 94 7.33
95 934 5.69
934 95 5.69
95 213 6.76
213 95 6.76
95 937 3
937 95 3
95 368 2.65
368 95 2.65
95 830 7.33
830 95 7.33
95 404 7.54
404 95 7.54
95 2 0.21
2 95 0.21
96 539 6.15
539 96 6.15
96 130 5.58
130 96 5.58
96 109 6.29
109 96 6.29
96 43 4.5
43 96 4.5
97 478 7.57
478 97 7.57
97 328 7.94
328 97 7.94
97 679 0.15
679 97 0.15
97 198 1.45
198 97 1.45
97 519 3.01
519 97 3.01
97 802 0.03
802 97 0.03
97 342 6.19
342 97 6.19
98 754 1.24
754 98 1.24
98 550 2.33
550 98 2.33
99 788 1.16
788 99 1.16
99 619 2.46
619 99 2.46
99 515 4.27
515 99 4.27
99 244 7.06
244 99 7.06
99 879 0.05
879 99 0.05
99 888 5.24
888 99 5.24
99 414 5.78
414 99 5.78
99 186 4.72
186 99 4.72
99 940 5.49
940 99 5.49
99 842 0.82
842 99 0.82
100 57 3.1
57 100 3.1
100 676 5.57
676 100 5.57
100 191 2.36
191 100 2.36
100 787 1.42
787 100 1.42
100 18 2.47
18 100 2.47
100 906 7.23
906 100 7.23
100 321 4.02
321 100 4.02
100 859 0.74
859 100 0.74
100 799 6.23
799 100 6.23
100 641 6.58
641 100 6.58
101 76 5.03
76 101 5.03
101 104 3.12
104 101 3.12
101 647 5.48
647 101 5.48
101 434 6.91
434 101 6.91
101 452 0.38
452 101 0.38
101 711 0.62
711 101 0.62
101 384 4.16
384 101 4.16
101 243 5.42
243 101 5.42
102 825 6.42
825 102 6.42
102 844 0.35
844 102 0.35
102 920 5.38
920 102 5.38
102 24 0.51
24 102 0.51
102 671 5.99
671 102 5.99
102 105 4.42
105 102 4.42
102 909 4.81
909 102 4.81
102 972 4.95
972 102 4.95
103 494 3.56
494 103 3.56
103 921 1.99
921 103 1.99
103 746 7.93
746 103 7.93
103 590 7.28
590 103 7.28
103 862 5.19
862 103 5.19
103 886 5.7
886 103 5.7
104 815 5.57
815 104 5.57
104 491 0.14
491 104 0.14
105 592 3.48
592 105 3.48
105 555 0.53
555 105 0.53
105 660 4.47
660 105 4.47
105 84 4.2
84 105 4.2
105 683 5.66
683 105 5.66
105 384 2.08
384 105 2.08
105 358 5.7
358 105 5.7
105 561 3.56
561 105 3.56
106 56 1.76
56 106 1.76
107 506 3.53
506 107 3.53
107 106 3.97
106 107 3.97
108 371 4.63
371 108 4.63
108 891 1.19
891 108 1.19
108 509 5.68
509 108 5.68
109 121 2.17
121 109 2.17
109 831 7.39
831 109 7.39
109 392 2.95
392 109 2.95
109 120 3.12
120 109 3.12
109 691 3.95
691 109 3.95
109 711 5.54
711 109 5.54
109 483 6.6
483 109 6.6
110 740 3.07
740 110 3.07
110 441 6.98
441 110 6.98
110 177 7.08
177 110 7.08
110 650 1.77
650 110 1.77
110 833 1.17
833 110 1.17
110 577 3.64
577 110 3.64
111 10 1.49
10 111 1.49
111 183 0.41
183 111 0.41
111 53 2.52
53 111 2.52
112 66 7.28
66 112 7.28
112 313 6.2
313 112 6.2
113 553 5.28
553 113 5.28
113 582 7.45
582 113 7.45
113 399 1.1
399 113 1.1
113 16 3.42
16 113 3.42
114 406 4.97
406 114 4.97
114 499 6.21
499 114 6.21
114 951 5
951 114 5
114 238 3.91
238 114 3.91
114 733 3.09
733 114 3.09
114 326 0.22
326 114 0.22
114 231 5.02
231 114 5.02
115 942 0.13
942 115 0.13
115 721 2.65
721 115 2.65
115 429 0.33
429 115 0.33
115 187 5.3
187 115 5.3
115 686 3.51
686 115 3.51
116 604 3.37
604 116 3.37
116 271 6.28
271 116 6.28
116 559 4.61
559 116 4.61
116 261 2.87
261 116 2.87
116 257 1.7
257 116 1.7
116 199 1.83
199 116 1.83
116 272 3.48
272 116 3.48
116 702 4.81
702 116 4.81
117 916 3.41
916 117 3.41
117 85 3.8
85 117 3.8
117 41 6.17
41 117 6.17
117 313 5.45
313 117 5.45
117 872 1.58
872 117 1.58
117 133 3.45
133 117 3.45
117 743 4.15
743 117 4.15
117 942 5.51
942 117 5.51
117 215 1.51
215 117 1.51
117 269 5.85
269 117 5.85
118 690 4.62
690 118 4.62
118 128 7.42
128 118 7.42
118 169 6.12
169 118 6.12
118 482 3.09
482 118 3.09
118 355 4.68
355 118 4.68
119 260 1.4
260 119 1.4
119 873 1.83
873 119 1.83
119 626 4.78
626 119 4.78
119 919 7.45
919 119 7.45
119 693 0.14
693 119 0.14
119 736 5.28
736 119 5.28
119 864 4.71
864 119 4.71
119 385 2.83
385 119 2.83
120 849 0.68
849 120 0.68
120 777 0.75
777 120 0.75
120 389 2.67
389 120 2.67
120 262 3.51
262 120 3.51
121 430 5.89
430 121 5.89
121 903 2.6
903 121 2.6
121 924 4.06
924 121 4.06
121 960 4.42
960 121 4.42
121 883 3.58
883 121 3.58
121 456 6.43
456 121 6.43
122 783 3.58
783 122 3.58
122 361 2.87
361 122 2.87
123 161 0.72
161 123 0.72
123 390 6.67
390 123 6.67
123 768 7.5
768 123 7.5
123 860 0.53
860 123 0.53
123 880 6.77
880 123 6.77
123 324 4.89
324 123 4.89
123 250 2.72
250 123 2.72
123 921 1.81
921 123 1.81
123 705 5.39
705 123 5.39
124 361 6.18
361 124 6.18
124 522 6.91
522 124 6.91
124 264 4.1
264 124 4.1
124 32 4.6
32 124 4.6
125 522 5.92
522 125 5.92
125 566 2.25
566 125 2.25
125 768 0.49
768 125 0.49
126 537 3.65
537 126 3.65
126 628 5.78
628 126 5.78
126 858 6.34
858 126 6.34
126 264 0.95
264 126 0.95
126 461 7.7
461 126 7.7
126 41 2.86
41 126 2.86
126 165 6.71
165 126 6.71
127 574 7.39
574 127 7.39
128 389 5.58
389 128 5.58
129 942 7.41
942 129 7.41
129 21 0.14
21 129 0.14
129 355 5.44
355 129 5.44
129 402 7.44
402 129 7.44
129 324 0.36
324 129 0.36
129 511 5.38
511 129 5.38
130 283 4.82
283 130 4.82
130 322 0.97
322 130 0.97
130 279 7.38
279 130 7.38
130 356 5.79
356 130 5.79
130 298 4.2
298 130 4.2
130 671 5.34
671 130 5.34
130 378 2.3
378 130 2.3
131 641 3.81
641 131 3.81
131 14 7.57
14 131 7.57
131 132 5.2
132 131 5.2
131 415 1.54
415 131 1.54
131 89 2.04
89 131 2.04
131 368 1.42
368 131 1.42
131 76 6.73
76 131 6.73
131 375 3.94
375 131 3.94
131 46 0.8
46 131 0.8
131 425 2.11
425 131 2.11
132 157 6.58
157 132 6.58
132 523 5.15
523 132 5.15
132 656 2.36
656 132 2.36
132 71 3.42
71 132 3.42
132 513 5.46
513 132 5.46
132 233 6.4
233 132 6.4
133 368 6.1
368 133 6.1
133 720 0.85
720 133 0.85
134 951 3.06
951 134 3.06
134 589 4.21
589 134 4.21
134 890 2.78
890 134 2.78
134 892 2.02
892 134 2.02
134 752 2.1
752 134 2.1
134 349 4.33
349 134 4.33
134 844 3.46
844 134 3.46
134 857 3.8
857 134 3.8
134 225 1.9
225 134 1.9
135 118 3.97
118 135 3.97
135 69 6.03
69 135 6.03
135 659 3.76
659 135 3.76
135 901 5.55
901 135 5.55
135 146 7.09
146 135 7.09
135 898 1.71
898 135 1.71
135 247 6.04
247 135 6.04
135 443 1.51
443 135 1.51
136 438 3
438 136 3
137 548 5.67
548 137 5.67
137 506 6.85
506 137 6.85
138 506 3.25
506 138 3.25
138 861 6.59
861 138 6.59
138 622 3.78
622 138 3.78
138 93 5.2
93 138 5.2
138 49 7.26
49 138 7.26
138 300 7.95
300 138 7.95
138 431 2.15
431 138 2.15
138 104 7.05
104 138 7.05
138 652 4.73
652 138 4.73
138 511 3.1
511 138 3.1
139 198 5.36
198 139 5.36
139 411 3.47
411 139 3.47
139 33 7.78
33 139 7.78
140 636 6.78
636 140 6.78
141 171 0.99
171 141 0.99
141 538 4.57
538 141 4.57
141 344 4.16
344 141 4.16
141 269 4.53
269 141 4.53
141 431 1.16
431 141 1.16
141 549 0.08
549 141 0.08
141 984 4.07
984 141 4.07
142 750 2.39
750 142 2.39
142 300 4.12
300 142 4.12
142 476 2.48
476 142 2.48
143 247 3.47
247 143 3.47
143 211 0.85
211 143 0.85
143 631 5.81
631 143 5.81
143 704 6.02
704 143 6.02
143 640 2.86
640 143 2.86
143 117 2.35
117 143 2.35
143 289 1.71
289 143 1.71
144 992 3.91
992 144 3.91
144 178 7.43
178 144 7.43
144 245 7.19
245 144 7.19
144 844 2.18
844 144 2.18
144 55 2.55
55 144 2.55
144 686 7.89
686 144 7.89
144 743 5.43
743 144 5.43
145 442 5.35
442 145 5.35
145 107 0.52
107 145 0.52
145 95 4.93
95 145 4.93
145 439 7.84
439 145 7.84
146 301 7.18
301 146 7.18
146 975 6.15
975 146 6.15
146 305 4.59
305 146 4.59
146 113 4.66
113 146 4.66
146 350 5.52
350 146 5.52
146 686 4.47
686 146 4.47
146 128 2.83
128 146 2.83
147 342 3.87
342 147 3.87
147 293 1.83
293 147 1.83
147 771 5.74
771 147 5.74
148 291 4.72
291 148 4.72
148 960 3.47
960 148 3.47
148 684 6.05
684 148 6.05
148 697 0.7
697 148 0.7
149 288 0.53
288 149 0.53
149 271 6.91
271 149 6.91
150 274 2.59
274 150 2.59
150 309 0.4
309 150 0.4
150 783 6.05
783 150 6.05
150 228 1.5
228 150 1.5
150 239 2.94
239 150 2.94
150 310 1.54
310 150 1.54
150 198 2.38
198 150 2.38
151 973 7.39
973 151 7.39
151 883 4.28
883 151 4.28
151 570 4.51
570 151 4.51
152 566 2.96
566 152 2.96
152 548 6.57
548 152 6.57
152 654 0.92
654 152 0.92
152 832 6.72
832 152 6.72
152 409 0.12
409 152 0.12
152 692 2.74
692 152 2.74
152 144 0.72
144 152 0.72
152 469 7.12
469 152 7.12
152 353 4.92
353 152 4.92
153 286 7.75
286 153 7.75
153 852 2.71
852 153 2.71
153 753 0.8
753 153 0.8
153 407 0.72
407 153 0.72
153 591 7.45
591 153 7.45
153 0 7.09
0 153 7.09
153 44 2.83
44 153 2.83
153 189 2.55
189 153 2.55
153 10 2.67
10 153 2.67
154 158 3.15
158 154 3.15
154 444 3.9
444 154 3.9
154 648 5.61
648 154 5.61
154 401 5.93
401 154 5.93
154 160 6.66
160 154 6.66
154 751 5.63
751 154 5.63
154 104 4.72
104 154 4.72
154 500 6.55
500 154 6.55
154 41 1.62
41 154 1.62
155 449 6.52
449 155 6.52
155 607 1.67
607 155 1.67
155 403 4.58
403 155 4.58
155 51 1.71
51 155 1.71
155 453 7.65
453 155 7.65
155 965 5.83
965 155 5.83
155 69 2.46
69 155 2.46
155 525 6.7
525 155 6.7
155 25 5.77
25 155 5.77
155 67 6.39
67 155 6.39
156 562 5.19
562 156 5.19
156 169 7.38
169 156 7.38
157 125 4.72
125 157 4.72
157 708 0.75
708 157 0.75
158 272 4.33
272 158 4.33
158 970 2.27
970 158 2.27
158 840 7.21
840 158 7.21
158 117 4.54
117 158 4.54
158 708 5.16
708 158 5.16
158 730 0.77
730 158 0.77
158 145 7.39
145 158 7.39
158 508 6.6
508 158 6.6
159 762 4.33
762 159 4.33
159 451 4.41
451 159 4.41
159 723 0.26
723 159 0.26
160 201 1.93
201 160 1.93
160 893 3.85
893 160 3.85
160 611 1.54
611 160 1.54
160 395 6.63
395 160 6.63
160 299 3.93
299 160 3.93
160 145 3.9
145 160 3.9
160 987 3.98
987 160 3.98
161 876 0.02
876 161 0.02
161 516 5.53
516 161 5.53
161 255 4.29
255 161 4.29
161 456 5.74
456 161 5.74
161 702 0.6
702 161 0.6
161 313 2.14
313 161 2.14
161 708 0.29
708 161 0.29
162 326 2.59
326 162 2.59
162 810 4.04
810 162 4.04
162 826 3.92
826 162 3.92
162 54 3.94
54 162 3.94
162 922 0.99
922 162 0.99
162 177 4.28
177 162 4.28
163 130 3.86
130 163 3.86
164 981 0.56
981 164 0.56
164 311 1.32
311 164 1.32
164 137 5.4
137 164 5.4
164 902 5.18
902 164 5.18
164 817 5.28
817 164 5.28
164 363 1.06
363 164 1.06
165 35 4.15
35 165 4.15
165 564 1.43
564 165 1.43
165 550 3.98
550 165 3.98
166 394 5.9
394 166 5.9
166 278 3.43
278 166 3.43
166 318 2.57
318 166 2.57
166 389 3.78
389 166 3.78
166 917 1.55
917 166 1.55
166 976 2.25
976 166 2.25
166 88 6.4
88 166 6.4
166 123 3.55
123 166 3.55
167 695 3.88
695 167 3.88
167 684 5.9
684 167 5.9
167 430 3.33
430 167 3.33
167 709 6.28
709 167 6.28
167 379 0.85
379 167 0.85
167 768 3.63
768 167 3.63
167 686 5.71
686 167 5.71
167 662 7.96
662 167 7.96
167 750 6.88
750 167 6.88
168 389 4.26
389 168 4.26
168 84 7.66
84 168 7.66
168 120 4.56
120 168 4.56
168 551 7.41
551 168 7.41
168 260 5.7
260 168 5.7
168 639 5.55
639 168 5.55
168 408 1.19
408 168 1.19
168 446 6.42
446 168 6.42
168 460 5.9
460 168 5.9
168 562 3.78
562 168 3.78
169 777 2.88
777 169 2.88
169 213 1.06
213 169 1.06
169 334 6.63
334 169 6.63
169 885 5.04
885 169 5.04
169 497 3.74
497 169 3.74
169 136 0.3
136 169 0.3
169 896 1.01
896 169 1.01
169 694 7.43
694 169 7.43
169 506 5.33
506 169 5.33
170 517 7.69
517 170 7.69
170 646 2.09
646 170 2.09
170 860 3.16
860 170 3.16
170 546 1.31
546 170 1.31
170 783 7.35
783 170 7.35
170 280 2.62
280 170 2.62
170 768 2.44
768 170 2.44
170 17 4.97
17 170 4.97
170 711 3.92
711 170 3.92
171 713 1.18
713 171 1.18
171 582 0.39
582 171 0.39
171 580 2.48
580 171 2.48
171 440 6.16
440 171 6.16
171 338 7.47
338 171 7.47
172 368 3.21
368 172 3.21
172 107 5.01
107 172 5.01
172 367 1.22
367 172 1.22
172 10 6.39
10 172 6.39
172 595 6.5
595 172 6.5
173 951 4.6
951 173 4.6
173 434 3.42
434 173 3.42
174 828 6.8
828 174 6.8
175 305 7.76
305 175 7.76
175 427 6.11
427 175 6.11
175 180 6.6
180 175 6.6
175 702 1.05
702 175 1.05
175 241 0.47
241 175 0.47
175 844 3.81
844 175 3.81
176 842 0.16
842 176 0.16
176 436 7.28
436 176 7.28
176 258 1.88
258 176 1.88
177 25 4.25
25 177 4.25
177 55 0.31
55 177 0.31
177 453 7.1
453 177 7.1
177 311 3.9
311 177 3.9
177 887 0.93
887 177 0.93
177 474 3.86
474 177 3.86
177 8 4.3
8 177 4.3
177 850 4.47
850 177 4.47
177 638 4.75
638 177 4.75
177 249 5.15
249 177 5.15
178 264 7.74
264 178 7.74
178 319 0.57
319 178 0.57
178 772 7.19
772 178 7.19
178 435 3.1
435 178 3.1
178 675 3.55
675 178 3.55
178 501 7.41
501 178 7.41
178 510 3.24
510 178 3.24
178 712 0.71
712 178 0.71
178 351 4.98
351 178 4.98
178 600 1.65
600 178 1.65
179 896 4.26
896 179 4.26
179 567 4.36
567 179 4.36
179 692 4.55
692 179 4.55
180 10 1.27
10 180 1.27
180 569 0.54
569 180 0.54
180 885 2.56
885 180 2.56
180 53 2.66
53 180 2.66
180 417 1.3
417 180 1.3
180 810 3.81
810 180 3.81
180 443 0.33
443 180 0.33
180 691 4.12
691 180 4.12
181 829 0.59
829 181 0.59
181 356 3.51
356 181 3.51
181 718 5.3
718 181 5.3
181 640 5.85
640 181 5.85
181 877 7.41
877 181 7.41
181 930 1.59
930 181 1.59
181 699 2.41
699 181 2.41
181 509 5.75
509 181 5.75
181 304 5.08
304 181 5.08
181 348 2.2
348 181 2.2
182 832 0.07
832 182 0.07
182 540 4.1
540 182 4.1
183 894 4.58
894 183 4.58
183 558 5.5
558 183 5.5
183 311 6.27
311 183 6.27
183 330 5.09
330 183 5.09
183 263 3.08
263 183 3.08
183 725 6.7
725 183 6.7
183 367 6.74
367 183 6.74
183 370 7.74
370 183 7.74
183 554 7.33
554 183 7.33
183 94 3.43
94 183 3.43
184 475 0.04
475 184 0.04
184 33 5.55
33 184 5.55
184 344 4.34
344 184 4.34
184 26 1.44
26 184 1.44
184 642 4.52
642 184 4.52
184 719 2.22
719 184 2.22
184 86 1.49
86 184 1.49
184 808 0.23
808 184 0.23
184 362 7.09
362 184 7.09
185 559 4.08
559 185 4.08
185 34 4.64
34 185 4.64
185 67 2.19
67 185 2.19
185 764 6.06
764 185 6.06
185 142 7.5
142 185 7.5
185 784 4.54
784 185 4.54
185 503 6.29
503 185 6.29
185 941 7.3
941 185 7.3
185 101 7.05
101 185 7.05
185 815 7.14
815 185 7.14
186 417 3.23
417 186 3.23
186 452 7.88
452 186 7.88
186 871 1.59
871 186 1.59
186 635 7.65
635 186 7.65
186 778 7.67
778 186 7.67
186 914 3.74
914 186 3.74
186 418 1.03
418 186 1.03
186 711 1.33
711 186 1.33
186 813 0.38
813 186 0.38
187 601 1.28
601 187 1.28
187 19 4.04
19 187 4.04
187 823 3.92
823 187 3.92
187 694 5.03
694 187 5.03
188 379 1.3
379 188 1.3
189 962 4.54
962 189 4.54
189 517 6.04
517 189 6.04
189 650 0.89
650 189 0.89
189 941 0.05
941 189 0.05
189 846 5.49
846 189 5.49
189 370 1.5
370 189 1.5
189 405 5.21
405 189 5.21
189 714 1.44
714 189 1.44
189 95 1.39
95 189 1.39
190 662 5.26
662 190 5.26
190 977 1.81
977 190 1.81
190 494 7.37
494 190 7.37
191 8 2.97
8 191 2.97
192 932 6.77
932 192 6.77
192 183 4.26
183 192 4.26
193 763 4.04
763 193 4.04
193 478 5.01
478 193 5.01
193 925 6.4
925 193 6.4
193 751 0.61
751 193 0.61
193 984 7.42
984 193 7.42
193 321 0.49
321 193 0.49
193 699 6.01
699 193 6.01
193 983 7.09
983 193 7.09
193 915 5.38
915 193 5.38
194 71 5.5
71 194 5.5
194 835 1.07
835 194 1.07
195 5 0.65
5 195 0.65
195 957 4.42
957 195 4.42
195 572 5.93
572 195 5.93
195 516 7.3
516 195 7.3
195 603 0.03
603 195 0.03
196 267 3.38
267 196 3.38
196 306 2.16
306 196 2.16
196 23 5.77
23 196 5.77
196 320 0.49
320 196 0.49
196 246 7.36
246 196 7.36
196 251 7.53
251 196 7.53
196 561 3.95
561 196 3.95
196 485 0.4
485 196 0.4
196 2 7.7
2 196 7.7
197 409 6.05
409 197 6.05
197 29 1.95
29 197 1.95
198 528 7.87
528 198 7.87
198 688 1.1
688 198 1.1
199 430 6.55
430 199 6.55
199 683 4.82
683 199 4.82
199 878 0.09
878 199 0.09
200 630 1.18
630 200 1.18
200 632 0.41
632 200 0.41
200 589 0.67
589 200 0.67
200 437 1.48
437 200 1.48
200 900 6.71
900 200 6.71
200 341 5.99
341 200 5.99
201 217 0.35
217 201 0.35
201 198 7.65
198 201 7.65
201 430 6.48
430 201 6.48
201 927 7.78
927 201 7.78
202 633 5.57
633 202 5.57
202 281 2.9
281 202 2.9
202 339 5.31
339 202 5.31
202 425 1.68
425 202 1.68
202 551 0.69
551 202 0.69
202 386 7.62
386 202 7.62
202 604 7.98
604 202 7.98
202 802 7.15
802 202 7.15
202 584 5.64
584 202 5.64
202 511 4.94
511 202 4.94
203 655 3.68
655 203 3.68
203 288 5.1
288 203 5.1
204 203 6.27
203 204 6.27
204 883 6.05
883 204 6.05
204 115 3.56
115 204 3.56
204 586 6.94
586 204 6.94
204 401 0.98
401 204 0.98
205 727 4.46
727 205 4.46
205 974 4.79
974 205 4.79
206 968 0.17
968 206 0.17
206 930 7.03
930 206 7.03
206 24 0.49
24 206 0.49
206 39 3.05
39 206 3.05
206 874 0.4
874 206 0.4
206 872 4.55
872 206 4.55
206 920 3.94
920 206 3.94
206 984 5.95
984 206 5.95
207 774 6.63
774 207 6.63
207 674 1.37
674 207 1.37
207 994 1.55
994 207 1.55
207 924 1.1
924 207 1.1
207 301 1.11
301 207 1.11
207 692 4.16
692 207 4.16
207 566 5.57
566 207 5.57
207 791 1.64
791 207 1.64
207 63 4.58
63 207 4.58
208 644 6.47
644 208 6.47
208 418 4.63
418 208 4.63
208 444 5
444 208 5
208 438 6.07
438 208 6.07
208 715 7.69
715 208 7.69
209 237 1.68
237 209 1.68
209 930 5.6
930 209 5.6
209 915 2.78
915 209 2.78
209 536 3.69
536 209 3.69
209 442 1.85
442 209 1.85
210 987 0.86
987 210 0.86
210 712 7.56
712 210 7.56
210 767 4.01
767 210 4.01
210 406 7.91
406 210 7.91
210 583 1.06
583 210 1.06
210 820 2.74
820 210 2.74
211 362 2.02
362 211 2.02
211 133 5.17
133 211 5.17
211 462 6.05
462 211 6.05
211 750 7.99
750 211 7.99
211 737 0.37
737 211 0.37
211 802 7.94
802 211 7.94
212 707 7.69
707 212 7.69
212 332 2.27
332 212 2.27
213 423 6.9
423 213 6.9
213 10 2.45
10 213 2.45
213 927 0.07
927 213 0.07
213 613 2.4
613 213 2.4
213 837 3.55
837 213 3.55
213 293 7.05
293 213 7.05
213 796 0.94
796 213 0.94
213 848 2.96
848 213 2.96
214 732 5.07
732 214 5.07
214 981 5.91
981 214 5.91
215 638 5.04
638 215 5.04
215 822 2.66
822 215 2.66
215 376 2.45
376 215 2.45
215 188 6.11
188 215 6.11
215 699 1.48
699 215 1.48
215 699 2.93
699 215 2.93
215 694 5.41
694 215 5.41
215 687 1.41
687 215 1.41
216 348 4.19
348 216 4.19
216 255 3.52
255 216 3.52
217 851 5.45
851 217 5.45
217 989 3.68
989 217 3.68
217 419 1.96
419 217 1.96
218 884 0.05
884 218 0.05
218 377 3.47
377 218 3.47
218 370 7.84
370 218 7.84
218 212 5.7
212 218 5.7
218 960 4.73
960 218 4.73
219 640 1.52
640 219 1.52
219 149 0.24
149 219 0.24
219 777 6.27
777 219 6.27
219 450 2.68
450 219 2.68
219 486 6.88
486 219 6.88
219 370 7.45
370 219 7.45
219 99 2.44
99 219 2.44
219 469 1.81
469 219 1.81
219 33 6.51
33 219 6.51
220 739 4.46
739 220 4.46
220 731 5.98
731 220 5.98
220 233 5.74
233 220 5.74
220 362 3.54
362 220 3.54
220 812 5.22
812 220 5.22
220 650 4.1
650 220 4.1
220 372 3.55
372 220 3.55
220 471 5.52
471 220 5.52
220 292 7.33
292 220 7.33
220 326 5.36
326 220 5.36
221 507 4.72
507 221 4.72
221 239 1.22
239 221 1.22
221 824 6.48
824 221 6.48
221 186 2.02
186 221 2.02
221 350 7.25
350 221 7.25
221 0 3.87
0 221 3.87
221 372 6.95
372 221 6.95
222 563 3.95
563 222 3.95
222 128 4.87
128 222 4.87
222 897 4.65
897 222 4.65
222 404 0.89
404 222 0.89
222 643 1.63
643 222 1.63
222 819 7.12
819 222 7.12
222 5 1.14
5 222 1.14
222 355 1.91
355 222 1.91
222 707 4.79
707 222 4.79
223 63 2.79
63 223 2.79
223 978 5.26
978 223 5.26
223 106 1.14
106 223 1.14
223 355 5.31
355 223 5.31
223 760 5.21
760 223 5.21
223 755 6.84
755 223 6.84
224 391 4.75
391 224 4.75
224 952 3.8
952 224 3.8
224 892 2.88
892 224 2.88
224 927 1.95
927 224 1.95
224 990 3.27
990 224 3.27
224 968 0.53
968 224 0.53
224 427 1.19
427 224 1.19
224 782 6.51
782 224 6.51
224 542 3.24
542 224 3.24
224 650 1.6
650 224 1.6
225 510 1.25
510 225 1.25
225 814 4.57
814 225 4.57
225 706 6.45
706 225 6.45
225 634 0.41
634 225 0.41
225 976 3.2
976 225 3.2
225 945 4.73
945 225 4.73
225 724 5.45
724 225 5.45
225 858 4.96
858 225 4.96
226 457 4.53
457 226 4.53
226 576 0.03
576 226 0.03
226 86 1.28
86 226 1.28
226 252 5.85
252 226 5.85
226 958 4.83
958 226 4.83
226 944 4.76
944 226 4.76
226 921 7.96
921 226 7.96
226 218 3.21
218 226 3.21
226 294 1.66
294 226 1.66
226 152 5.14
152 226 5.14
227 429 2.05
429 227 2.05
227 357 3.6
357 227 3.6
227 443 4.4
443 227 4.4
228 838 2.47
838 228 2.47
228 658 1.06
658 228 1.06
228 305 1.02
305 228 1.02
228 965 5.23
965 228 5.23
228 22 2.41
22 228 2.41
228 683 1.35
683 228 1.35
228 655 7.4
655 228 7.4
229 997 1.37
997 229 1.37
229 65 6.94
65 229 6.94
229 651 6.9
651 229 6.9
229 841 0.37
841 229 0.37
229 499 1.95
499 229 1.95
230 711 2.05
711 230 2.05
230 618 1.22
618 230 1.22
230 891 3.44
891 230 3.44
230 178 2.79
178 230 2.79
230 804 2.86
804 230 2.86
230 801 4.23
801 230 4.23
230 867 2.7
867 230 2.7
231 25 0.7
25 231 0.7
231 314 5.64
314 231 5.64
231 341 1.63
341 231 1.63
231 52 3.2
52 231 3.2
231 670 4.42
670 231 4.42
231 913 7.38
913 231 7.38
231 92 2.17
92 231 2.17
231 896 4.04
896 231 4.04
231 50 0.79
50 231 0.79
232 523 1.69
523 232 1.69
232 900 1.91
900 232 1.91
232 214 7.55
214 232 7.55
232 907 0.71
907 232 0.71
232 960 3.91
960 232 3.91
233 719 2.82
719 233 2.82
233 361 4.96
361 233 4.96
234 946 4.45
946 234 4.45
234 625 4.22
625 234 4.22
234 427 6.48
427 234 6.48
235 399 3.4
399 235 3.4
235 306 7.55
306 235 7.55
235 777 6.19
777 235 6.19
235 321 1.3
321 235 1.3
235 707 1.14
707 235 1.14
235 783 0.33
783 235 0.33
235 377 0.46
377 235 0.46
235 675 4.91
675 235 4.91
236 559 1.53
559 236 1.53
237 989 0.18
989 237 0.18
237 613 4.69
613 237 4.69
237 155 0.76
155 237 0.76
237 252 3.05
252 237 3.05
237 662 2.26
662 237 2.26
237 406 0.85
406 237 0.85
237 398 5.21
398 237 5.21
238 822 2.3
822 238 2.3
238 888 6.5
888 238 6.5
238 154 3.61
154 238 3.61
238 495 3.8
495 238 3.8
238 460 7.49
460 238 7.49
238 615 7.77
615 238 7.77
238 868 3.83
868 238 3.83
238 882 5.09
882 238 5.09
238 288 5.47
288 238 5.47
238 38 2.68
38 238 2.68
239 379 2.2
379 239 2.2
239 619 0.22
619 239 0.22
239 125 3.84
125 239 3.84
239 621 6.16
621 239 6.16
239 433 6.65
433 239 6.65
239 49 5.95
49 239 5.95
239 269 0.78
269 239 0.78
239 151 5.39
151 239 5.39
240 508 2.91
508 240 2.91
241 973 5.17
973 241 5.17
241 565 5.49
565 241 5.49
241 737 7.68
737 241 7.68
241 215 3.46
215 241 3.46
241 77 3.19
77 241 3.19
241 851 1.52
851 241 1.52
241 539 0.53
539 241 0.53
242 857 2.25
857 242 2.25
242 396 1.55
396 242 1.55
242 702 0.16
702 242 0.16
242 27 5.85
27 242 5.85
242 945 2.34
945 242 2.34
242 682 2.55
682 242 2.55
242 249 5.01
249 242 5.01
242 327 1.72
327 242 1.72
242 530 2.24
530 242 2.24
243 376 2.69
376 243 2.69
243 585 4.94
585 243 4.94
243 981 6.02
981 243 6.02
243 36 6.7
36 243 6.7
243 63 4.55
63 243 4.55
243 8 6.42
8 243 6.42
243 42 0.97
42 243 0.97
244 847 6.92
847 244 6.92
244 113 6.19
113 244 6.19
244 571 2.49
571 244 2.49
244 947 4.7
947 244 4.7
244 532 1.17
532 244 1.17
244 866 7.19
866 244 7.19
244 254 5.41
254 244 5.41
245 224 0.17
224 245 0.17
245 8 2.78
8 245 2.78
245 886 3.2
886 245 3.2
245 733 1.64
733 245 1.64
245 846 7.35
846 245 7.35
245 417 2.36
417 245 2.36
245 716 6.07
716 245 6.07
245 601 7.24
601 245 7.24
246 756 3.67
756 246 3.67
246 773 0.21
773 246 0.21
246 349 0.9
349 246 0.9
246 358 3.68
358 246 3.68
246 244 6.41
244 246 6.41
246 330 0.05
330 246 0.05
246 176 7.93
176 246 7.93
246 946 1.29
946 246 1.29
246 662 0.36
662 246 0.36
247 926 4.63
926 247 4.63
247 682 7.82
682 247 7.82
247 807 7.55
807 247 7.55
247 157 0.46
157 247 0.46
247 867 3.66
867 247 3.66
247 463 1.59
463 247 1.59
248 337 5.93
337 248 5.93
248 610 6.22
610 248 6.22
248 722 3.68
722 248 3.68
248 210 0.82
210 248 0.82
249 300 2.36
300 249 2.36
250 488 2.47
488 250 2.47
251 134 3.34
134 251 3.34
251 1 6.52
1 251 6.52
251 465 0.12
465 251 0.12
251 610 1.81
610 251 1.81
251 932 2.91
932 251 2.91
251 552 5.3
552 251 5.3
251 835 7.1
835 251 7.1
251 733 1.51
733 251 1.51
252 579 3.65
579 252 3.65
252 557 6.53
557 252 6.53
252 43 2.39
43 252 2.39
252 397 0.44
397 252 0.44
252 214 0.08
214 252 0.08
252 824 2.89
824 252 2.89
252 109 4.8
109 252 4.8
252 661 1.62
661 252 1.62
252 496 1.73
496 252 1.73
252 581 2.76
581 252 2.76
253 271 7.47
271 253 7.47
253 180 5.52
180 253 5.52
253 576 7.44
576 253 7.44
254 136 0.25
136 254 0.25
254 66 0.39
66 254 0.39
254 23 1.15
23 254 1.15
254 320 1.24
320 254 1.24
254 977 3.86
977 254 3.86
254 260 0.34
260 254 0.34
254 952 4.16
952 254 4.16
255 897 3.75
897 255 3.75
255 416 3.56
416 255 3.56
255 312 7.84
312 255 7.84
255 801 7.09
801 255 7.09
256 736 4.19
736 256 4.19
256 953 7.94
953 256 7.94
256 685 0.15
685 256 0.15
256 141 6.92
141 256 6.92
256 874 4.52
874 256 4.52
256 437 0.56
437 256 0.56
256 686 3.32
686 256 3.32
256 455 7.4
455 256 7.4
256 119 6.24
119 256 6.24
256 920 6.33
920 256 6.33
257 670 5.4
670 257 5.4
257 975 4.34
975 257 4.34
257 12 4.49
12 257 4.49
257 506 2.94
506 257 2.94
258 967 6.8
967 258 6.8
258 467 7.69
467 258 7.69
258 434 7.08
434 258 7.08
258 416 3.63
416 258 3.63
258 550 3.82
550 258 3.82
258 836 4.03
836 258 4.03
258 858 1.95
858 258 1.95
258 833 5.29
833 258 5.29
259 788 3.98
788 259 3.98
259 875 1.04
875 259 1.04
259 195 7.36
195 259 7.36
259 662 6.57
662 259 6.57
259 96 5.65
96 259 5.65
259 512 0.28
512 259 0.28
259 415 3.11
415 259 3.11
260 760 2.51
760 260 2.51
260 934 5.09
934 260 5.09
260 952 6.94
952 260 6.94
260 740 1.44
740 260 1.44
260 968 2.48
968 260 2.48
260 163 2.36
163 260 2.36
260 825 0.94
825 260 0.94
260 273 6.59
273 260 6.59
261 578 0.85
578 261 0.85
261 217 3.52
217 261 3.52
261 330 5.03
330 261 5.03
261 616 2.12
616 261 2.12
261 568 0.59
568 261 0.59
261 660 2.03
660 261 2.03
261 628 4.04
628 261 4.04
262 439 0.91
439 262 0.91
263 746 0.69
746 263 0.69
263 386 1.95
386 263 1.95
263 989 3.25
989 263 3.25
263 906 3.95
906 263 3.95
263 388 7.25
388 263 7.25
263 660 7.41
660 263 7.41
263 710 6.61
710 263 6.61
264 618 5.63
618 264 5.63
264 258 2.93
258 264 2.93
264 545 1.84
545 264 1.84
264 643 2.53
643 264 2.53
264 381 3.01
381 264 3.01
265 66 6.7
66 265 6.7
265 801 5.28
801 265 5.28
265 800 6.16
800 265 6.16
265 711 7.28
711 265 7.28
265 25 0.91
25 265 0.91
266 80 6.43
80 266 6.43
266 625 7.53
625 266 7.53
266 139 0.5
139 266 0.5
266 895 5.93
895 266 5.93
266 29 6.26
29 266 6.26
266 95 5.96
95 266 5.96
266 248 2.24
248 266 2.24
266 401 1.92
401 266 1.92
266 112 0.73
112 266 0.73
267 71 4.89
71 267 4.89
267 151 2.84
151 267 2.84
267 776 1.89
776 267 1.89
267 268 1.4
268 267 1.4
268 141 1.63
141 268 1.63
268 162 0.44
162 268 0.44
268 909 0.4
909 268 0.4
268 606 5.4
606 268 5.4
268 94 1.41
94 268 1.41
268 487 2.05
487 268 2.05
268 910 6.94
910 268 6.94
268 61 0.3
61 268 0.3
269 467 0.9
467 269 0.9
270 497 2.66
497 270 2.66
271 517 0.09
517 271 0.09
271 509 2.7
509 271 2.7
271 750 7.07
750 271 7.07
271 743 5.88
743 271 5.88
272 171 3.49
171 272 3.49
272 82 1.43
82 272 1.43
272 495 2.74
495 272 2.74
273 527 2.37
527 273 2.37
273 594 2.47
594 273 2.47
273 802 3.72
802 273 3.72
273 876 5.42
876 273 5.42
273 508 7.03
508 273 7.03
273 97 6.53
97 273 6.53
273 781 6.97
781 273 6.97
273 953 1.46
953 273 1.46
273 387 3.41
387 273 3.41
274 793 3.34
793 274 3.34
